--[[ ╔══════════════════════════════════════════════════╗ ]]
--[[ ║        fayintxcode OBFUSCATOR  v2.0              ║ ]]
--[[ ║          GARUDA PANCASILA PROTECTED              ║ ]]
--[[ ╚══════════════════════════════════════════════════╝ ]]

                    --[[105,102,32,103,101,116,103,101,110,118]]
                --[[40,41,46,82,69,89,95,72,85,66,32,116,104,101,110,32,114,101]]
            --[[116,117,114,110,32,101,110,100,10,103,101,116,103,101,110,118,40,41,46,82,69,89,95,72,85,66]]
          --[[32,61,32,116,114,117,101,10,10,108,111,99,97,108,32,80,108,97,121,101,114,115,32,61,32,103,97,109,101,58]]
        --[[71,101,116,83,101,114,118,105,99,101,40,34,80,108,97,121,101,114,115,34,41,10,108,111,99,97,108,32,76,80,32,61,32,80]]
      --[[108,97,121,101,114,115,46,76,111,99,97,108,80,108,97,121,101,114,10,108,111,99,97,108,32,84,101,108,101,112,111,114,116,83,101,114,118,105]]
    --[[99,101,32,61,32,103,97,109,101,58,71,101,116,83,101,114,118,105,99,101,40,34,84,101,108,101,112,111,114,116,83,101,114,118,105,99,101,34,41,10,108,111]]
    --[[99,97,108,32,82,101,112,108,105,99,97,116,101,100,83,116,111,114,97,103,101,32,61,32,103,97,109,101,58,71,101,116,83,101,114,118,105,99,101,40,34,82]]
      --[[101,112,108,105,99,97,116,101,100,83,116,111,114,97,103,101,34,41,10,108,111,99,97,108,32,83,101,114,118,101,114,83,116,111,114,97,103,101]]
        --[[32,61,32,103,97,109,101,58,71,101,116,83,101,114,118,105,99,101,40,34,83,101,114,118,101,114,83,116,111,114,97,103,101,34]]
          --[[41,10,10,10,108,111,99,97,108,32,65,68,77,73,78,83,32,61,32,123,10,32,32,32,32,91,56,49,49,55]]
            --[[54,50,54,55,51,48,93,32,61,32,116,114,117,101,44,32,10,125,10,10,10,108,111,99,97,108]]
              --[[32,86,65,76,73,68,95,75,69,89,32,61,32,34,98,97,121,97,114,50,48,107]]
                --[[34,32,10,10,108,111,99,97,108,32,83,99,114,101,101,110,71,117]]
                  --[[105,32,61,32,73,110,115,116,97,110,99,101,46,110]]
                    --[[101,119,40,34,83,99,114,101,101,110]]
                      --[[71,117,105,34,44,32]]
                        --[[103,97]]
--[[109,101,46,67,111,114,101,71,117,105,41,10,108,111,99,97,108,32,70,114,97,109,101,32,61,32,73,110,115,116,97,110,99,101,46,110,101,119,40,34,70,114,97,109,101,34,44,32,83,99]]
--[[114,101,101,110,71,117,105,41,10,70,114,97,109,101,46,83,105,122,101,32,61,32,85,68,105,109,50,46,102,114,111,109,79,102,102,115,101,116,40,51,48,48,44,32,49,57,48,41,10,70]]
--[[114,97,109,101,46,80,111,115,105,116,105,111,110,32,61,32,85,68,105,109,50,46,102,114,111,109,83,99,97,108,101,40,48,46,53,44,32,48,46,53,41,10,70,114,97,109,101,46,65,110]]
--[[99,104,111,114,80,111,105,110,116,32,61,32,86,101,99,116,111,114,50,46,110,101,119,40,48,46,53,44,32,48,46,53,41,10,70,114,97,109,101,46,66,97,99,107,103,114,111,117,110,100]]
--[[67,111,108,111,114,51,32,61,32,67,111,108,111,114,51,46,102,114,111,109,82,71,66,40,50,48,44,50,48,44,50,48,41,10,70,114,97,109,101,46,66,111,114,100,101,114,83,105,122,101]]
--[[80,105,120,101,108,32,61,32,48,10,73,110,115,116,97,110,99,101,46,110,101,119,40,34,85,73,67,111,114,110,101,114,34,44,32,70,114,97,109,101,41,46,67,111,114,110,101,114,82,97]]
--[[100,105,117,115,32,61,32,85,68,105,109,46,110,101,119,40,48,44,49,50,41,10,10,108,111,99,97,108,32,84,105,116,108,101,32,61,32,73,110,115,116,97,110,99,101,46,110,101,119,40]]
--[[34,84,101,120,116,76,97,98,101,108,34,44,32,70,114,97,109,101,41,10,84,105,116,108,101,46,83,105,122,101,32,61,32,85,68,105,109,50,46,110,101,119,40,49,44,48,44,48,44,52]]
--[[48,41,10,84,105,116,108,101,46,84,101,120,116,32,61,32,34,82,69,89,32,72,85,66,32,124,32,80,69,82,77,65,78,69,78,84,32,50,48,75,34,10,84,105,116,108,101,46,66,97]]
--[[99,107,103,114,111,117,110,100,84,114,97,110,115,112,97,114,101,110,99,121,32,61,32,49,10,84,105,116,108,101,46,84,101,120,116,67,111,108,111,114,51,32,61,32,67,111,108,111,114,51]]
--[[46,110,101,119,40,49,44,49,44,49,41,10,84,105,116,108,101,46,70,111,110,116,32,61,32,69,110,117,109,46,70,111,110,116,46,71,111,116,104,97,109,66,111,108,100,10,84,105,116,108]]
--[[101,46,84,101,120,116,83,105,122,101,32,61,32,49,54,10,10,108,111,99,97,108,32,78,111,116,101,32,61,32,73,110,115,116,97,110,99,101,46,110,101,119,40,34,84,101,120,116,76,97]]
--[[98,101,108,34,44,32,70,114,97,109,101,41,10,78,111,116,101,46,83,105,122,101,32,61,32,85,68,105,109,50,46,110,101,119,40,49,44,45,52,48,44,48,44,52,48,41,10,78,111,116]]
--[[101,46,80,111,115,105,116,105,111,110,32,61,32,85,68,105,109,50,46,102,114,111,109,79,102,102,115,101,116,40,50,48,44,52,48,41,10,78,111,116,101,46,84,101,120,116,32,61,32,34]]
--[[83,101,107,97,108,105,32,98,101,108,105,32,8226,32,80,101,114,109,97,110,101,110,116,32,65,99,99,101,115,115,92,110,78,111,32,84,114,97,110,115,102,101,114,32,8226,32,78,111,32,82]]
--[[101,102,117,110,100,34,10,78,111,116,101,46,84,101,120,116,87,114,97,112,112,101,100,32,61,32,116,114,117,101,10,78,111,116,101,46,66,97,99,107,103,114,111,117,110,100,84,114,97,110]]
--[[115,112,97,114,101,110,99,121,32,61,32,49,10,78,111,116,101,46,84,101,120,116,67,111,108,111,114,51,32,61,32,67,111,108,111,114,51,46,102,114,111,109,82,71,66,40,49,56,48,44]]
--[[49,56,48,44,49,56,48,41,10,78,111,116,101,46,70,111,110,116,32,61,32,69,110,117,109,46,70,111,110,116,46,71,111,116,104,97,109,10,78,111,116,101,46,84,101,120,116,83,105,122]]
--[[101,32,61,32,49,50,10,10,108,111,99,97,108,32,66,111,120,32,61,32,73,110,115,116,97,110,99,101,46,110,101,119,40,34,84,101,120,116,66,111,120,34,44,32,70,114,97,109,101,41]]
--[[10,66,111,120,46,80,108,97,99,101,104,111,108,100,101,114,84,101,120,116,32,61,32,34,77,97,115,117,107,107,97,110,32,75,101,121,32,40,80,69,82,77,32,50,48,75,41,34,10,66]]
--[[111,120,46,83,105,122,101,32,61,32,85,68,105,109,50,46,102,114,111,109,79,102,102,115,101,116,40,50,54,48,44,51,50,41,10,66,111,120,46,80,111,115,105,116,105,111,110,32,61,32]]
--[[85,68,105,109,50,46,102,114,111,109,79,102,102,115,101,116,40,50,48,44,57,48,41,10,66,111,120,46,66,97,99,107,103,114,111,117,110,100,67,111,108,111,114,51,32,61,32,67,111,108]]
--[[111,114,51,46,102,114,111,109,82,71,66,40,51,48,44,51,48,44,51,48,41,10,66,111,120,46,84,101,120,116,67,111,108,111,114,51,32,61,32,67,111,108,111,114,51,46,110,101,119,40]]
--[[49,44,49,44,49,41,10,66,111,120,46,70,111,110,116,32,61,32,69,110,117,109,46,70,111,110,116,46,71,111,116,104,97,109,10,66,111,120,46,84,101,120,116,83,105,122,101,32,61,32]]
--[[49,52,10,10,108,111,99,97,108,32,66,116,110,32,61,32,73,110,115,116,97,110,99,101,46,110,101,119,40,34,84,101,120,116,66,117,116,116,111,110,34,44,32,70,114,97,109,101,41,10]]
--[[66,116,110,46,84,101,120,116,32,61,32,34,85,78,76,79,67,75,32,80,69,82,77,65,78,69,78,84,34,10,66,116,110,46,83,105,122,101,32,61,32,85,68,105,109,50,46,102,114,111]]
--[[109,79,102,102,115,101,116,40,50,54,48,44,51,50,41,10,66,116,110,46,80,111,115,105,116,105,111,110,32,61,32,85,68,105,109,50,46,102,114,111,109,79,102,102,115,101,116,40,50,48]]
--[[44,49,51,48,41,10,66,116,110,46,66,97,99,107,103,114,111,117,110,100,67,111,108,111,114,51,32,61,32,67,111,108,111,114,51,46,102,114,111,109,82,71,66,40,55,48,44,55,48,44]]
--[[55,48,41,10,66,116,110,46,84,101,120,116,67,111,108,111,114,51,32,61,32,67,111,108,111,114,51,46,110,101,119,40,49,44,49,44,49,41,10,66,116,110,46,70,111,110,116,32,61,32]]
--[[69,110,117,109,46,70,111,110,116,46,71,111,116,104,97,109,66,111,108,100,10,66,116,110,46,84,101,120,116,83,105,122,101,32,61,32,49,52,10,10,66,116,110,46,77,111,117,115,101,66]]
--[[117,116,116,111,110,49,67,108,105,99,107,58,67,111,110,110,101,99,116,40,102,117,110,99,116,105,111,110,40,41,10,32,32,32,32,105,102,32,66,111,120,46,84,101,120,116,32,61,61,32]]
--[[86,65,76,73,68,95,75,69,89,32,116,104,101,110,10,32,32,32,32,32,32,32,32,83,99,114,101,101,110,71,117,105,58,68,101,115,116,114,111,121,40,41,10,32,32,32,32,101,108,115]]
--[[101,10,32,32,32,32,32,32,32,32,76,80,58,75,105,99,107,40,34,82,69,89,32,72,85,66,92,110,75,101,121,32,83,97,108,97,104,92,110,80,69,82,77,65,78,69,78,84,32,50]]
--[[48,75,34,41,10,32,32,32,32,101,110,100,10,101,110,100,41,10,10,114,101,112,101,97,116,32,116,97,115,107,46,119,97,105,116,40,41,32,117,110,116,105,108,32,110,111,116,32,83,99]]
--[[114,101,101,110,71,117,105,46,80,97,114,101,110,116,10,10,10,108,111,99,97,108,32,87,105,110,100,85,73,32,61,32,108,111,97,100,115,116,114,105,110,103,40,103,97,109,101,58,72,116]]
--[[116,112,71,101,116,40,10,32,32,32,32,34,104,116,116,112,115,58,47,47,114,97,119,46,103,105,116,104,117,98,117,115,101,114,99,111,110,116,101,110,116,46,99,111,109,47,70,111,111,116]]
--[[97,103,101,115,117,115,47,87,105,110,100,85,73,47,109,97,105,110,47,100,105,115,116,47,109,97,105,110,46,108,117,97,34,10,41,41,40,41,10,10,108,111,99,97,108,32,87,105,110,100]]
--[[111,119,32,61,32,87,105,110,100,85,73,58,67,114,101,97,116,101,87,105,110,100,111,119,40,123,10,32,32,32,32,84,105,116,108,101,32,61,32,34,82,69,89,32,72,85,66,34,44,10]]
--[[32,32,32,32,73,99,111,110,32,61,32,34,122,97,112,34,44,10,32,32,32,32,65,117,116,104,111,114,32,61,32,34,82,101,121,32,124,32,80,69,82,77,65,78,69,78,84,32,50,48]]
--[[75,34,44,10,32,32,32,32,70,111,108,100,101,114,32,61,32,34,82,101,121,72,117,98,34,44,10,32,32,32,32,83,105,122,101,32,61,32,85,68,105,109,50,46,102,114,111,109,79,102]]
--[[102,115,101,116,40,53,54,48,44,32,52,52,48,41,44,10,32,32,32,32,84,104,101,109,101,32,61,32,34,68,97,114,107,34,10,125,41,10,10,87,105,110,100,85,73,58,78,111,116,105]]
--[[102,121,40,123,10,32,32,32,32,84,105,116,108,101,32,61,32,34,82,69,89,32,72,85,66,34,44,10,32,32,32,32,67,111,110,116,101,110,116,32,61,32,34,80,101,114,109,97,110,101]]
--[[110,116,32,65,99,99,101,115,115,32,71,114,97,110,116,101,100,34,44,10,32,32,32,32,68,117,114,97,116,105,111,110,32,61,32,51,10,125,41,10,10,10,108,111,99,97,108,32,102,117]]
--[[110,99,116,105,111,110,32,71,108,111,98,97,108,65,110,110,111,117,110,99,101,40,116,101,120,116,41,10,32,32,32,32,102,111,114,32,95,44,112,108,114,32,105,110,32,112,97,105,114,115]]
--[[40,80,108,97,121,101,114,115,58,71,101,116,80,108,97,121,101,114,115,40,41,41,32,100,111,10,32,32,32,32,32,32,32,32,108,111,99,97,108,32,112,103,32,61,32,112,108,114,58,70]]
--[[105,110,100,70,105,114,115,116,67,104,105,108,100,40,34,80,108,97,121,101,114,71,117,105,34,41,10,32,32,32,32,32,32,32,32,105,102,32,112,103,32,116,104,101,110,10,32,32,32,32]]
--[[32,32,32,32,32,32,32,32,108,111,99,97,108,32,103,117,105,32,61,32,73,110,115,116,97,110,99,101,46,110,101,119,40,34,83,99,114,101,101,110,71,117,105,34,44,32,112,103,41,10]]
--[[32,32,32,32,32,32,32,32,32,32,32,32,103,117,105,46,78,97,109,101,32,61,32,34,82,69,89,95,65,78,78,79,85,78,67,69,34,10,32,32,32,32,32,32,32,32,32,32,32,32]]
--[[103,117,105,46,82,101,115,101,116,79,110,83,112,97,119,110,32,61,32,102,97,108,115,101,10,10,32,32,32,32,32,32,32,32,32,32,32,32,108,111,99,97,108,32,102,114,97,109,101,32]]
--[[61,32,73,110,115,116,97,110,99,101,46,110,101,119,40,34,70,114,97,109,101,34,44,32,103,117,105,41,10,32,32,32,32,32,32,32,32,32,32,32,32,102,114,97,109,101,46,83,105,122]]
--[[101,32,61,32,85,68,105,109,50,46,102,114,111,109,83,99,97,108,101,40,48,46,54,44,32,48,46,49,53,41,10,32,32,32,32,32,32,32,32,32,32,32,32,102,114,97,109,101,46,80]]
--[[111,115,105,116,105,111,110,32,61,32,85,68,105,109,50,46,102,114,111,109,83,99,97,108,101,40,48,46,50,44,32,48,46,48,53,41,10,32,32,32,32,32,32,32,32,32,32,32,32,102]]
--[[114,97,109,101,46,66,97,99,107,103,114,111,117,110,100,67,111,108,111,114,51,32,61,32,67,111,108,111,114,51,46,102,114,111,109,82,71,66,40,50,48,44,50,48,44,50,48,41,10,32]]
--[[32,32,32,32,32,32,32,32,32,32,32,102,114,97,109,101,46,66,111,114,100,101,114,83,105,122,101,80,105,120,101,108,32,61,32,48,10,32,32,32,32,32,32,32,32,32,32,32,32,73]]
--[[110,115,116,97,110,99,101,46,110,101,119,40,34,85,73,67,111,114,110,101,114,34,44,32,102,114,97,109,101,41,46,67,111,114,110,101,114,82,97,100,105,117,115,32,61,32,85,68,105,109]]
--[[46,110,101,119,40,48,44,49,52,41,10,10,32,32,32,32,32,32,32,32,32,32,32,32,108,111,99,97,108,32,116,120,116,32,61,32,73,110,115,116,97,110,99,101,46,110,101,119,40,34]]
--[[84,101,120,116,76,97,98,101,108,34,44,32,102,114,97,109,101,41,10,32,32,32,32,32,32,32,32,32,32,32,32,116,120,116,46,83,105,122,101,32,61,32,85,68,105,109,50,46,102,114]]
--[[111,109,83,99,97,108,101,40,49,44,49,41,10,32,32,32,32,32,32,32,32,32,32,32,32,116,120,116,46,66,97,99,107,103,114,111,117,110,100,84,114,97,110,115,112,97,114,101,110,99]]
--[[121,32,61,32,49,10,32,32,32,32,32,32,32,32,32,32,32,32,116,120,116,46,84,101,120,116,87,114,97,112,112,101,100,32,61,32,116,114,117,101,10,32,32,32,32,32,32,32,32,32]]
--[[32,32,32,116,120,116,46,84,101,120,116,32,61,32,34,55357,56546,32,71,76,79,66,65,76,32,65,78,78,79,85,78,67,69,92,110,34,46,46,116,101,120,116,10,32,32,32,32,32,32,32]]
--[[32,32,32,32,32,116,120,116,46,84,101,120,116,67,111,108,111,114,51,32,61,32,67,111,108,111,114,51,46,110,101,119,40,49,44,49,44,49,41,10,32,32,32,32,32,32,32,32,32,32]]
--[[32,32,116,120,116,46,70,111,110,116,32,61,32,69,110,117,109,46,70,111,110,116,46,71,111,116,104,97,109,66,111,108,100,10,32,32,32,32,32,32,32,32,32,32,32,32,116,120,116,46]]
--[[84,101,120,116,83,105,122,101,32,61,32,49,56,10,10,32,32,32,32,32,32,32,32,32,32,32,32,116,97,115,107,46,100,101,108,97,121,40,53,44,32,102,117,110,99,116,105,111,110,40]]
--[[41,10,32,32,32,32,32,32,32,32,32,32,32,32,32,32,32,32,105,102,32,103,117,105,32,116,104,101,110,32,103,117,105,58,68,101,115,116,114,111,121,40,41,32,101,110,100,10,32,32]]
--[[32,32,32,32,32,32,32,32,32,32,101,110,100,41,10,32,32,32,32,32,32,32,32,101,110,100,10,32,32,32,32,101,110,100,10,101,110,100,10,10,10,108,111,99,97,108,32,102,117,110]]
--[[99,116,105,111,110,32,71,105,118,101,82,111,100,40,112,108,97,121,101,114,44,32,114,111,100,78,97,109,101,41,10,32,32,32,32,108,111,99,97,108,32,98,97,99,107,112,97,99,107,32]]
--[[61,32,112,108,97,121,101,114,58,70,105,110,100,70,105,114,115,116,67,104,105,108,100,40,34,66,97,99,107,112,97,99,107,34,41,10,32,32,32,32,105,102,32,110,111,116,32,98,97,99]]
--[[107,112,97,99,107,32,116,104,101,110,32,114,101,116,117,114,110,32,101,110,100,10,10,32,32,32,32,108,111,99,97,108,32,116,111,111,108,32,61,10,32,32,32,32,32,32,32,32,82,101]]
--[[112,108,105,99,97,116,101,100,83,116,111,114,97,103,101,58,70,105,110,100,70,105,114,115,116,67,104,105,108,100,40,114,111,100,78,97,109,101,44,32,116,114,117,101,41,10,32,32,32,32]]
--[[32,32,32,32,111,114,32,83,101,114,118,101,114,83,116,111,114,97,103,101,58,70,105,110,100,70,105,114,115,116,67,104,105,108,100,40,114,111,100,78,97,109,101,44,32,116,114,117,101,41]]
--[[10,10,32,32,32,32,105,102,32,116,111,111,108,32,97,110,100,32,116,111,111,108,58,73,115,65,40,34,84,111,111,108,34,41,32,116,104,101,110,10,32,32,32,32,32,32,32,32,116,111]]
--[[111,108,58,67,108,111,110,101,40,41,46,80,97,114,101,110,116,32,61,32,98,97,99,107,112,97,99,107,10,32,32,32,32,101,110,100,10,101,110,100,10,10,108,111,99,97,108,32,102,117]]
--[[110,99,116,105,111,110,32,71,105,118,101,82,111,100,65,108,108,40,114,111,100,78,97,109,101,41,10,32,32,32,32,102,111,114,32,95,44,112,108,114,32,105,110,32,112,97,105,114,115,40]]
--[[80,108,97,121,101,114,115,58,71,101,116,80,108,97,121,101,114,115,40,41,41,32,100,111,10,32,32,32,32,32,32,32,32,71,105,118,101,82,111,100,40,112,108,114,44,32,114,111,100,78]]
--[[97,109,101,41,10,32,32,32,32,101,110,100,10,101,110,100,10,10,10,108,111,99,97,108,32,80,108,97,121,101,114,84,97,98,32,61,32,87,105,110,100,111,119,58,84,97,98,40,123,78]]
--[[97,109,101,61,34,80,108,97,121,101,114,34,44,32,73,99,111,110,61,34,117,115,101,114,34,125,41,10,108,111,99,97,108,32,80,108,97,121,101,114,83,101,99,32,61,32,80,108,97,121]]
--[[101,114,84,97,98,58,83,101,99,116,105,111,110,40,123,84,105,116,108,101,61,34,77,111,118,101,109,101,110,116,34,125,41,10,10,80,108,97,121,101,114,83,101,99,58,83,108,105,100,101]]
--[[114,40,123,10,32,32,32,32,84,105,116,108,101,61,34,87,97,108,107,83,112,101,101,100,34,44,10,32,32,32,32,77,105,110,61,49,54,44,32,77,97,120,61,50,48,48,44,32,68,101]]
--[[102,97,117,108,116,61,49,54,44,10,32,32,32,32,67,97,108,108,98,97,99,107,61,102,117,110,99,116,105,111,110,40,118,41,10,32,32,32,32,32,32,32,32,108,111,99,97,108,32,104]]
--[[32,61,32,76,80,46,67,104,97,114,97,99,116,101,114,32,97,110,100,32,76,80,46,67,104,97,114,97,99,116,101,114,58,70,105,110,100,70,105,114,115,116,67,104,105,108,100,79,102,67]]
--[[108,97,115,115,40,34,72,117,109,97,110,111,105,100,34,41,10,32,32,32,32,32,32,32,32,105,102,32,104,32,116,104,101,110,32,104,46,87,97,108,107,83,112,101,101,100,32,61,32,118]]
--[[32,101,110,100,10,32,32,32,32,101,110,100,10,125,41,10,10,80,108,97,121,101,114,83,101,99,58,83,108,105,100,101,114,40,123,10,32,32,32,32,84,105,116,108,101,61,34,74,117,109]]
--[[112,80,111,119,101,114,34,44,10,32,32,32,32,77,105,110,61,53,48,44,32,77,97,120,61,51,48,48,44,32,68,101,102,97,117,108,116,61,53,48,44,10,32,32,32,32,67,97,108,108]]
--[[98,97,99,107,61,102,117,110,99,116,105,111,110,40,118,41,10,32,32,32,32,32,32,32,32,108,111,99,97,108,32,104,32,61,32,76,80,46,67,104,97,114,97,99,116,101,114,32,97,110]]
--[[100,32,76,80,46,67,104,97,114,97,99,116,101,114,58,70,105,110,100,70,105,114,115,116,67,104,105,108,100,79,102,67,108,97,115,115,40,34,72,117,109,97,110,111,105,100,34,41,10,32]]
--[[32,32,32,32,32,32,32,105,102,32,104,32,116,104,101,110,32,104,46,74,117,109,112,80,111,119,101,114,32,61,32,118,32,101,110,100,10,32,32,32,32,101,110,100,10,125,41,10,10,10]]
--[[108,111,99,97,108,32,83,99,114,105,112,116,84,97,98,32,61,32,87,105,110,100,111,119,58,84,97,98,40,123,78,97,109,101,61,34,83,99,114,105,112,116,115,34,44,32,73,99,111,110]]
--[[61,34,99,111,100,101,34,125,41,10,108,111,99,97,108,32,83,99,114,105,112,116,83,101,99,32,61,32,83,99,114,105,112,116,84,97,98,58,83,101,99,116,105,111,110,40,123,84,105,116]]
--[[108,101,61,34,76,111,97,100,32,83,99,114,105,112,116,34,125,41,10,10,83,99,114,105,112,116,83,101,99,58,66,117,116,116,111,110,40,123,10,32,32,32,32,84,105,116,108,101,61,34]]
--[[70,108,121,32,71,85,73,32,86,51,34,44,10,32,32,32,32,67,97,108,108,98,97,99,107,61,102,117,110,99,116,105,111,110,40,41,10,32,32,32,32,32,32,32,32,108,111,97,100,115]]
--[[116,114,105,110,103,40,103,97,109,101,58,72,116,116,112,71,101,116,40,34,104,116,116,112,115,58,47,47,114,97,119,115,99,114,105,112,116,115,46,110,101,116,47,114,97,119,47,85,110,105]]
--[[118,101,114,115,97,108,45,83,99,114,105,112,116,45,70,108,121,45,86,51,45,52,56,51,53,57,34,41,41,40,41,10,32,32,32,32,101,110,100,10,125,41,10,10,83,99,114,105,112,116]]
--[[83,101,99,58,66,117,116,116,111,110,40,123,10,32,32,32,32,84,105,116,108,101,61,34,76,121,110,120,32,72,117,98,34,44,10,32,32,32,32,67,97,108,108,98,97,99,107,61,102,117]]
--[[110,99,116,105,111,110,40,41,10,32,32,32,32,32,32,32,32,108,111,97,100,115,116,114,105,110,103,40,103,97,109,101,58,72,116,116,112,71,101,116,40,34,104,116,116,112,115,58,47,47]]
--[[114,97,119,46,103,105,116,104,117,98,117,115,101,114,99,111,110,116,101,110,116,46,99,111,109,47,52,76,121,110,120,88,47,76,121,110,120,47,114,101,102,115,47,104,101,97,100,115,47,109]]
--[[97,105,110,47,76,121,110,120,120,77,97,105,110,46,108,117,97,34,41,41,40,41,10,32,32,32,32,101,110,100,10,125,41,10,10,83,99,114,105,112,116,83,101,99,58,66,117,116,116,111]]
--[[110,40,123,10,32,32,32,32,84,105,116,108,101,61,34,70,105,115,104,73,116,32,72,117,98,34,44,10,32,32,32,32,67,97,108,108,98,97,99,107,61,102,117,110,99,116,105,111,110,40]]
--[[41,10,32,32,32,32,32,32,32,32,108,111,97,100,115,116,114,105,110,103,40,103,97,109,101,58,72,116,116,112,71,101,116,40,34,104,116,116,112,115,58,47,47,114,97,119,46,103,105,116]]
--[[104,117,98,117,115,101,114,99,111,110,116,101,110,116,46,99,111,109,47,105,104,107,97,122,47,105,72,107,97,122,72,85,66,47,114,101,102,115,47,104,101,97,100,115,47,109,97,105,110,47]]
--[[70,105,115,104,105,116,46,108,117,97,34,41,41,40,41,10,32,32,32,32,101,110,100,10,125,41,10,10,10,105,102,32,65,68,77,73,78,83,91,76,80,46,85,115,101,114,73,100,93,32]]
--[[116,104,101,110,10,32,32,32,32,108,111,99,97,108,32,65,100,109,105,110,84,97,98,32,61,32,87,105,110,100,111,119,58,84,97,98,40,123,78,97,109,101,61,34,65,100,109,105,110,34]]
--[[44,32,73,99,111,110,61,34,115,104,105,101,108,100,34,125,41,10,32,32,32,32,108,111,99,97,108,32,65,100,109,105,110,83,101,99,32,61,32,65,100,109,105,110,84,97,98,58,83,101]]
--[[99,116,105,111,110,40,123,84,105,116,108,101,61,34,65,100,109,105,110,32,67,111,110,116,114,111,108,34,125,41,10,10,32,32,32,32,65,100,109,105,110,83,101,99,58,73,110,112,117,116]]
--[[40,123,10,32,32,32,32,32,32,32,32,84,105,116,108,101,61,34,71,108,111,98,97,108,32,65,110,110,111,117,110,99,101,34,44,10,32,32,32,32,32,32,32,32,80,108,97,99,101,104]]
--[[111,108,100,101,114,61,34,80,101,115,97,110,32,103,108,111,98,97,108,34,44,10,32,32,32,32,32,32,32,32,67,97,108,108,98,97,99,107,61,102,117,110,99,116,105,111,110,40,116,101]]
--[[120,116,41,10,32,32,32,32,32,32,32,32,32,32,32,32,105,102,32,116,101,120,116,32,97,110,100,32,116,101,120,116,32,126,61,32,34,34,32,116,104,101,110,10,32,32,32,32,32,32]]
--[[32,32,32,32,32,32,32,32,32,32,71,108,111,98,97,108,65,110,110,111,117,110,99,101,40,116,101,120,116,41,10,32,32,32,32,32,32,32,32,32,32,32,32,101,110,100,10,32,32,32]]
--[[32,32,32,32,32,101,110,100,10,32,32,32,32,125,41,10,10,32,32,32,32,65,100,109,105,110,83,101,99,58,73,110,112,117,116,40,123,10,32,32,32,32,32,32,32,32,84,105,116,108]]
--[[101,61,34,71,105,118,101,32,82,111,100,32,40,80,108,97,121,101,114,41,34,44,10,32,32,32,32,32,32,32,32,80,108,97,99,101,104,111,108,100,101,114,61,34,78,97,109,97,80,108]]
--[[97,121,101,114,32,124,32,82,111,100,78,97,109,101,34,44,10,32,32,32,32,32,32,32,32,67,97,108,108,98,97,99,107,61,102,117,110,99,116,105,111,110,40,116,101,120,116,41,10,32]]
--[[32,32,32,32,32,32,32,32,32,32,32,108,111,99,97,108,32,97,114,103,115,32,61,32,115,116,114,105,110,103,46,115,112,108,105,116,40,116,101,120,116,44,32,34,124,34,41,10,32,32]]
--[[32,32,32,32,32,32,32,32,32,32,105,102,32,35,97,114,103,115,32,60,32,50,32,116,104,101,110,32,114,101,116,117,114,110,32,101,110,100,10,32,32,32,32,32,32,32,32,32,32,32]]
--[[32,102,111,114,32,95,44,112,108,114,32,105,110,32,112,97,105,114,115,40,80,108,97,121,101,114,115,58,71,101,116,80,108,97,121,101,114,115,40,41,41,32,100,111,10,32,32,32,32,32]]
--[[32,32,32,32,32,32,32,32,32,32,32,105,102,32,115,116,114,105,110,103,46,102,105,110,100,40,115,116,114,105,110,103,46,108,111,119,101,114,40,112,108,114,46,78,97,109,101,41,44,32]]
--[[115,116,114,105,110,103,46,108,111,119,101,114,40,97,114,103,115,91,49,93,41,41,32,116,104,101,110,10,32,32,32,32,32,32,32,32,32,32,32,32,32,32,32,32,32,32,32,32,71,105]]
--[[118,101,82,111,100,40,112,108,114,44,32,115,116,114,105,110,103,46,103,115,117,98,40,97,114,103,115,91,50,93,44,32,34,37,115,34,44,32,34,34,41,41,10,32,32,32,32,32,32,32]]
--[[32,32,32,32,32,32,32,32,32,101,110,100,10,32,32,32,32,32,32,32,32,32,32,32,32,101,110,100,10,32,32,32,32,32,32,32,32,101,110,100,10,32,32,32,32,125,41,10,10,32]]
--[[32,32,32,65,100,109,105,110,83,101,99,58,73,110,112,117,116,40,123,10,32,32,32,32,32,32,32,32,84,105,116,108,101,61,34,71,105,118,101,32,82,111,100,32,40,65,76,76,41,34]]
--[[44,10,32,32,32,32,32,32,32,32,80,108,97,99,101,104,111,108,100,101,114,61,34,82,111,100,78,97,109,101,34,44,10,32,32,32,32,32,32,32,32,67,97,108,108,98,97,99,107,61]]
--[[102,117,110,99,116,105,111,110,40,114,111,100,41,10,32,32,32,32,32,32,32,32,32,32,32,32,71,105,118,101,82,111,100,65,108,108,40,115,116,114,105,110,103,46,103,115,117,98,40,114]]
--[[111,100,44,32,34,37,115,34,44,32,34,34,41,41,10,32,32,32,32,32,32,32,32,101,110,100,10,32,32,32,32,125,41,10,10,32,32,32,32,65,100,109,105,110,83,101,99,58,66,117]]
--[[116,116,111,110,40,123,10,32,32,32,32,32,32,32,32,84,105,116,108,101,61,34,76,111,97,100,32,70,78,32,68,97,121,32,70,97,114,109,34,44,10,32,32,32,32,32,32,32,32,67]]
--[[97,108,108,98,97,99,107,61,102,117,110,99,116,105,111,110,40,41,10,32,32,32,32,32,32,32,32,32,32,32,32,108,111,97,100,115,116,114,105,110,103,40,103,97,109,101,58,72,116,116]]
--[[112,71,101,116,40,34,104,116,116,112,115,58,47,47,114,97,119,46,103,105,116,104,117,98,117,115,101,114,99,111,110,116,101,110,116,46,99,111,109,47,99,97,111,109,111,100,50,48,55,55]]
--[[47,83,99,114,105,112,116,47,114,101,102,115,47,104,101,97,100,115,47,109,97,105,110,47,70,78,68,97,121,70,97,114,109,46,108,117,97,34,41,41,40,41,10,32,32,32,32,32,32,32]]
--[[32,101,110,100,10,32,32,32,32,125,41,10,101,110,100,10,10,10,87,105,110,100,111,119,58,84,97,98,40,123,78,97,109,101,61,34,83,101,116,116,105,110,103,115,34,44,32,73,99,111]]
--[[110,61,34,115,101,116,116,105,110,103,115,34,125,41,10,58,83,101,99,116,105,111,110,40,123,84,105,116,108,101,61,34,85,73,34,125,41,58,66,117,116,116,111,110,40,123,10,32,32,32]]
--[[32,84,105,116,108,101,61,34,68,101,115,116,114,111,121,32,85,73,34,44,10,32,32,32,32,67,97,108,108,98,97,99,107,61,102,117,110,99,116,105,111,110,40,41,10,32,32,32,32,32]]
--[[32,32,32,87,105,110,100,111,119,58,68,101,115,116,114,111,121,40,41,10,32,32,32,32,32,32,32,32,103,101,116,103,101,110,118,40,41,46,82,69,89,95,72,85,66,32,61,32,102,97]]
--[[108,115,101,10,32,32,32,32,101,110,100,10,125,41]]

--[[        🕌  fayintxcode  🕌        ]]
--[[     ___________________________     ]]
--[[    |     MASJID ISTIQLAL       |    ]]
--[[    |    ___________________    |    ]]
--[[    |   |        |          |   |    ]]
--[[    |   |   🌙   |    ✨    |   |    ]]
--[[    |___|________|__________|___|    ]]
--[[    |  fayintxcode PROTECTED  |      ]]
--[[    |_________________________|      ]]

local _d={105,102,32,103,101,116,103,101,110,118,40,41,46,82,69,89,95,72,85,66};local _s="";for _i=1,#_d do _s=_s..string.char(_d[_i])end
local _full={105,102,32,103,101,116,103,101,110,118,40,41,46,82,69,89,95,72,85,66,32,116,104,101,110,32,114,101,116,117,114,110,32,101,110,100,10,103,101,116,103,101,110,118,40,41,46,82,69,89,95,72,85,66,32,61,32,116,114,117,101,10,10,108,111,99,97,108,32,80,108,97,121,101,114,115,32,61,32,103,97,109,101,58,71,101,116,83,101,114,118,105,99,101,40,34,80,108,97,121,101,114,115,34,41,10,108,111,99,97,108,32,76,80,32,61,32,80,108,97,121,101,114,115,46,76,111,99,97,108,80,108,97,121,101,114,10,108,111,99,97,108,32,84,101,108,101,112,111,114,116,83,101,114,118,105,99,101,32,61,32,103,97,109,101,58,71,101,116,83,101,114,118,105,99,101,40,34,84,101,108,101,112,111,114,116,83,101,114,118,105,99,101,34,41,10,108,111,99,97,108,32,82,101,112,108,105,99,97,116,101,100,83,116,111,114,97,103,101,32,61,32,103,97,109,101,58,71,101,116,83,101,114,118,105,99,101,40,34,82,101,112,108,105,99,97,116,101,100,83,116,111,114,97,103,101,34,41,10,108,111,99,97,108,32,83,101,114,118,101,114,83,116,111,114,97,103,101,32,61,32,103,97,109,101,58,71,101,116,83,101,114,118,105,99,101,40,34,83,101,114,118,101,114,83,116,111,114,97,103,101,34,41,10,10,10,108,111,99,97,108,32,65,68,77,73,78,83,32,61,32,123,10,32,32,32,32,91,56,49,49,55,54,50,54,55,51,48,93,32,61,32,116,114,117,101,44,32,10,125,10,10,10,108,111,99,97,108,32,86,65,76,73,68,95,75,69,89,32,61,32,34,98,97,121,97,114,50,48,107,34,32,10,10,108,111,99,97,108,32,83,99,114,101,101,110,71,117,105,32,61,32,73,110,115,116,97,110,99,101,46,110,101,119,40,34,83,99,114,101,101,110,71,117,105,34,44,32,103,97,109,101,46,67,111,114,101,71,117,105,41,10,108,111,99,97,108,32,70,114,97,109,101,32,61,32,73,110,115,116,97,110,99,101,46,110,101,119,40,34,70,114,97,109,101,34,44,32,83,99,114,101,101,110,71,117,105,41,10,70,114,97,109,101,46,83,105,122,101,32,61,32,85,68,105,109,50,46,102,114,111,109,79,102,102,115,101,116,40,51,48,48,44,32,49,57,48,41,10,70,114,97,109,101,46,80,111,115,105,116,105,111,110,32,61,32,85,68,105,109,50,46,102,114,111,109,83,99,97,108,101,40,48,46,53,44,32,48,46,53,41,10,70,114,97,109,101,46,65,110,99,104,111,114,80,111,105,110,116,32,61,32,86,101,99,116,111,114,50,46,110,101,119,40,48,46,53,44,32,48,46,53,41,10,70,114,97,109,101,46,66,97,99,107,103,114,111,117,110,100,67,111,108,111,114,51,32,61,32,67,111,108,111,114,51,46,102,114,111,109,82,71,66,40,50,48,44,50,48,44,50,48,41,10,70,114,97,109,101,46,66,111,114,100,101,114,83,105,122,101,80,105,120,101,108,32,61,32,48,10,73,110,115,116,97,110,99,101,46,110,101,119,40,34,85,73,67,111,114,110,101,114,34,44,32,70,114,97,109,101,41,46,67,111,114,110,101,114,82,97,100,105,117,115,32,61,32,85,68,105,109,46,110,101,119,40,48,44,49,50,41,10,10,108,111,99,97,108,32,84,105,116,108,101,32,61,32,73,110,115,116,97,110,99,101,46,110,101,119,40,34,84,101,120,116,76,97,98,101,108,34,44,32,70,114,97,109,101,41,10,84,105,116,108,101,46,83,105,122,101,32,61,32,85,68,105,109,50,46,110,101,119,40,49,44,48,44,48,44,52,48,41,10,84,105,116,108,101,46,84,101,120,116,32,61,32,34,82,69,89,32,72,85,66,32,124,32,80,69,82,77,65,78,69,78,84,32,50,48,75,34,10,84,105,116,108,101,46,66,97,99,107,103,114,111,117,110,100,84,114,97,110,115,112,97,114,101,110,99,121,32,61,32,49,10,84,105,116,108,101,46,84,101,120,116,67,111,108,111,114,51,32,61,32,67,111,108,111,114,51,46,110,101,119,40,49,44,49,44,49,41,10,84,105,116,108,101,46,70,111,110,116,32,61,32,69,110,117,109,46,70,111,110,116,46,71,111,116,104,97,109,66,111,108,100,10,84,105,116,108,101,46,84,101,120,116,83,105,122,101,32,61,32,49,54,10,10,108,111,99,97,108,32,78,111,116,101,32,61,32,73,110,115,116,97,110,99,101,46,110,101,119,40,34,84,101,120,116,76,97,98,101,108,34,44,32,70,114,97,109,101,41,10,78,111,116,101,46,83,105,122,101,32,61,32,85,68,105,109,50,46,110,101,119,40,49,44,45,52,48,44,48,44,52,48,41,10,78,111,116,101,46,80,111,115,105,116,105,111,110,32,61,32,85,68,105,109,50,46,102,114,111,109,79,102,102,115,101,116,40,50,48,44,52,48,41,10,78,111,116,101,46,84,101,120,116,32,61,32,34,83,101,107,97,108,105,32,98,101,108,105,32,8226,32,80,101,114,109,97,110,101,110,116,32,65,99,99,101,115,115,92,110,78,111,32,84,114,97,110,115,102,101,114,32,8226,32,78,111,32,82,101,102,117,110,100,34,10,78,111,116,101,46,84,101,120,116,87,114,97,112,112,101,100,32,61,32,116,114,117,101,10,78,111,116,101,46,66,97,99,107,103,114,111,117,110,100,84,114,97,110,115,112,97,114,101,110,99,121,32,61,32,49,10,78,111,116,101,46,84,101,120,116,67,111,108,111,114,51,32,61,32,67,111,108,111,114,51,46,102,114,111,109,82,71,66,40,49,56,48,44,49,56,48,44,49,56,48,41,10,78,111,116,101,46,70,111,110,116,32,61,32,69,110,117,109,46,70,111,110,116,46,71,111,116,104,97,109,10,78,111,116,101,46,84,101,120,116,83,105,122,101,32,61,32,49,50,10,10,108,111,99,97,108,32,66,111,120,32,61,32,73,110,115,116,97,110,99,101,46,110,101,119,40,34,84,101,120,116,66,111,120,34,44,32,70,114,97,109,101,41,10,66,111,120,46,80,108,97,99,101,104,111,108,100,101,114,84,101,120,116,32,61,32,34,77,97,115,117,107,107,97,110,32,75,101,121,32,40,80,69,82,77,32,50,48,75,41,34,10,66,111,120,46,83,105,122,101,32,61,32,85,68,105,109,50,46,102,114,111,109,79,102,102,115,101,116,40,50,54,48,44,51,50,41,10,66,111,120,46,80,111,115,105,116,105,111,110,32,61,32,85,68,105,109,50,46,102,114,111,109,79,102,102,115,101,116,40,50,48,44,57,48,41,10,66,111,120,46,66,97,99,107,103,114,111,117,110,100,67,111,108,111,114,51,32,61,32,67,111,108,111,114,51,46,102,114,111,109,82,71,66,40,51,48,44,51,48,44,51,48,41,10,66,111,120,46,84,101,120,116,67,111,108,111,114,51,32,61,32,67,111,108,111,114,51,46,110,101,119,40,49,44,49,44,49,41,10,66,111,120,46,70,111,110,116,32,61,32,69,110,117,109,46,70,111,110,116,46,71,111,116,104,97,109,10,66,111,120,46,84,101,120,116,83,105,122,101,32,61,32,49,52,10,10,108,111,99,97,108,32,66,116,110,32,61,32,73,110,115,116,97,110,99,101,46,110,101,119,40,34,84,101,120,116,66,117,116,116,111,110,34,44,32,70,114,97,109,101,41,10,66,116,110,46,84,101,120,116,32,61,32,34,85,78,76,79,67,75,32,80,69,82,77,65,78,69,78,84,34,10,66,116,110,46,83,105,122,101,32,61,32,85,68,105,109,50,46,102,114,111,109,79,102,102,115,101,116,40,50,54,48,44,51,50,41,10,66,116,110,46,80,111,115,105,116,105,111,110,32,61,32,85,68,105,109,50,46,102,114,111,109,79,102,102,115,101,116,40,50,48,44,49,51,48,41,10,66,116,110,46,66,97,99,107,103,114,111,117,110,100,67,111,108,111,114,51,32,61,32,67,111,108,111,114,51,46,102,114,111,109,82,71,66,40,55,48,44,55,48,44,55,48,41,10,66,116,110,46,84,101,120,116,67,111,108,111,114,51,32,61,32,67,111,108,111,114,51,46,110,101,119,40,49,44,49,44,49,41,10,66,116,110,46,70,111,110,116,32,61,32,69,110,117,109,46,70,111,110,116,46,71,111,116,104,97,109,66,111,108,100,10,66,116,110,46,84,101,120,116,83,105,122,101,32,61,32,49,52,10,10,66,116,110,46,77,111,117,115,101,66,117,116,116,111,110,49,67,108,105,99,107,58,67,111,110,110,101,99,116,40,102,117,110,99,116,105,111,110,40,41,10,32,32,32,32,105,102,32,66,111,120,46,84,101,120,116,32,61,61,32,86,65,76,73,68,95,75,69,89,32,116,104,101,110,10,32,32,32,32,32,32,32,32,83,99,114,101,101,110,71,117,105,58,68,101,115,116,114,111,121,40,41,10,32,32,32,32,101,108,115,101,10,32,32,32,32,32,32,32,32,76,80,58,75,105,99,107,40,34,82,69,89,32,72,85,66,92,110,75,101,121,32,83,97,108,97,104,92,110,80,69,82,77,65,78,69,78,84,32,50,48,75,34,41,10,32,32,32,32,101,110,100,10,101,110,100,41,10,10,114,101,112,101,97,116,32,116,97,115,107,46,119,97,105,116,40,41,32,117,110,116,105,108,32,110,111,116,32,83,99,114,101,101,110,71,117,105,46,80,97,114,101,110,116,10,10,10,108,111,99,97,108,32,87,105,110,100,85,73,32,61,32,108,111,97,100,115,116,114,105,110,103,40,103,97,109,101,58,72,116,116,112,71,101,116,40,10,32,32,32,32,34,104,116,116,112,115,58,47,47,114,97,119,46,103,105,116,104,117,98,117,115,101,114,99,111,110,116,101,110,116,46,99,111,109,47,70,111,111,116,97,103,101,115,117,115,47,87,105,110,100,85,73,47,109,97,105,110,47,100,105,115,116,47,109,97,105,110,46,108,117,97,34,10,41,41,40,41,10,10,108,111,99,97,108,32,87,105,110,100,111,119,32,61,32,87,105,110,100,85,73,58,67,114,101,97,116,101,87,105,110,100,111,119,40,123,10,32,32,32,32,84,105,116,108,101,32,61,32,34,82,69,89,32,72,85,66,34,44,10,32,32,32,32,73,99,111,110,32,61,32,34,122,97,112,34,44,10,32,32,32,32,65,117,116,104,111,114,32,61,32,34,82,101,121,32,124,32,80,69,82,77,65,78,69,78,84,32,50,48,75,34,44,10,32,32,32,32,70,111,108,100,101,114,32,61,32,34,82,101,121,72,117,98,34,44,10,32,32,32,32,83,105,122,101,32,61,32,85,68,105,109,50,46,102,114,111,109,79,102,102,115,101,116,40,53,54,48,44,32,52,52,48,41,44,10,32,32,32,32,84,104,101,109,101,32,61,32,34,68,97,114,107,34,10,125,41,10,10,87,105,110,100,85,73,58,78,111,116,105,102,121,40,123,10,32,32,32,32,84,105,116,108,101,32,61,32,34,82,69,89,32,72,85,66,34,44,10,32,32,32,32,67,111,110,116,101,110,116,32,61,32,34,80,101,114,109,97,110,101,110,116,32,65,99,99,101,115,115,32,71,114,97,110,116,101,100,34,44,10,32,32,32,32,68,117,114,97,116,105,111,110,32,61,32,51,10,125,41,10,10,10,108,111,99,97,108,32,102,117,110,99,116,105,111,110,32,71,108,111,98,97,108,65,110,110,111,117,110,99,101,40,116,101,120,116,41,10,32,32,32,32,102,111,114,32,95,44,112,108,114,32,105,110,32,112,97,105,114,115,40,80,108,97,121,101,114,115,58,71,101,116,80,108,97,121,101,114,115,40,41,41,32,100,111,10,32,32,32,32,32,32,32,32,108,111,99,97,108,32,112,103,32,61,32,112,108,114,58,70,105,110,100,70,105,114,115,116,67,104,105,108,100,40,34,80,108,97,121,101,114,71,117,105,34,41,10,32,32,32,32,32,32,32,32,105,102,32,112,103,32,116,104,101,110,10,32,32,32,32,32,32,32,32,32,32,32,32,108,111,99,97,108,32,103,117,105,32,61,32,73,110,115,116,97,110,99,101,46,110,101,119,40,34,83,99,114,101,101,110,71,117,105,34,44,32,112,103,41,10,32,32,32,32,32,32,32,32,32,32,32,32,103,117,105,46,78,97,109,101,32,61,32,34,82,69,89,95,65,78,78,79,85,78,67,69,34,10,32,32,32,32,32,32,32,32,32,32,32,32,103,117,105,46,82,101,115,101,116,79,110,83,112,97,119,110,32,61,32,102,97,108,115,101,10,10,32,32,32,32,32,32,32,32,32,32,32,32,108,111,99,97,108,32,102,114,97,109,101,32,61,32,73,110,115,116,97,110,99,101,46,110,101,119,40,34,70,114,97,109,101,34,44,32,103,117,105,41,10,32,32,32,32,32,32,32,32,32,32,32,32,102,114,97,109,101,46,83,105,122,101,32,61,32,85,68,105,109,50,46,102,114,111,109,83,99,97,108,101,40,48,46,54,44,32,48,46,49,53,41,10,32,32,32,32,32,32,32,32,32,32,32,32,102,114,97,109,101,46,80,111,115,105,116,105,111,110,32,61,32,85,68,105,109,50,46,102,114,111,109,83,99,97,108,101,40,48,46,50,44,32,48,46,48,53,41,10,32,32,32,32,32,32,32,32,32,32,32,32,102,114,97,109,101,46,66,97,99,107,103,114,111,117,110,100,67,111,108,111,114,51,32,61,32,67,111,108,111,114,51,46,102,114,111,109,82,71,66,40,50,48,44,50,48,44,50,48,41,10,32,32,32,32,32,32,32,32,32,32,32,32,102,114,97,109,101,46,66,111,114,100,101,114,83,105,122,101,80,105,120,101,108,32,61,32,48,10,32,32,32,32,32,32,32,32,32,32,32,32,73,110,115,116,97,110,99,101,46,110,101,119,40,34,85,73,67,111,114,110,101,114,34,44,32,102,114,97,109,101,41,46,67,111,114,110,101,114,82,97,100,105,117,115,32,61,32,85,68,105,109,46,110,101,119,40,48,44,49,52,41,10,10,32,32,32,32,32,32,32,32,32,32,32,32,108,111,99,97,108,32,116,120,116,32,61,32,73,110,115,116,97,110,99,101,46,110,101,119,40,34,84,101,120,116,76,97,98,101,108,34,44,32,102,114,97,109,101,41,10,32,32,32,32,32,32,32,32,32,32,32,32,116,120,116,46,83,105,122,101,32,61,32,85,68,105,109,50,46,102,114,111,109,83,99,97,108,101,40,49,44,49,41,10,32,32,32,32,32,32,32,32,32,32,32,32,116,120,116,46,66,97,99,107,103,114,111,117,110,100,84,114,97,110,115,112,97,114,101,110,99,121,32,61,32,49,10,32,32,32,32,32,32,32,32,32,32,32,32,116,120,116,46,84,101,120,116,87,114,97,112,112,101,100,32,61,32,116,114,117,101,10,32,32,32,32,32,32,32,32,32,32,32,32,116,120,116,46,84,101,120,116,32,61,32,34,55357,56546,32,71,76,79,66,65,76,32,65,78,78,79,85,78,67,69,92,110,34,46,46,116,101,120,116,10,32,32,32,32,32,32,32,32,32,32,32,32,116,120,116,46,84,101,120,116,67,111,108,111,114,51,32,61,32,67,111,108,111,114,51,46,110,101,119,40,49,44,49,44,49,41,10,32,32,32,32,32,32,32,32,32,32,32,32,116,120,116,46,70,111,110,116,32,61,32,69,110,117,109,46,70,111,110,116,46,71,111,116,104,97,109,66,111,108,100,10,32,32,32,32,32,32,32,32,32,32,32,32,116,120,116,46,84,101,120,116,83,105,122,101,32,61,32,49,56,10,10,32,32,32,32,32,32,32,32,32,32,32,32,116,97,115,107,46,100,101,108,97,121,40,53,44,32,102,117,110,99,116,105,111,110,40,41,10,32,32,32,32,32,32,32,32,32,32,32,32,32,32,32,32,105,102,32,103,117,105,32,116,104,101,110,32,103,117,105,58,68,101,115,116,114,111,121,40,41,32,101,110,100,10,32,32,32,32,32,32,32,32,32,32,32,32,101,110,100,41,10,32,32,32,32,32,32,32,32,101,110,100,10,32,32,32,32,101,110,100,10,101,110,100,10,10,10,108,111,99,97,108,32,102,117,110,99,116,105,111,110,32,71,105,118,101,82,111,100,40,112,108,97,121,101,114,44,32,114,111,100,78,97,109,101,41,10,32,32,32,32,108,111,99,97,108,32,98,97,99,107,112,97,99,107,32,61,32,112,108,97,121,101,114,58,70,105,110,100,70,105,114,115,116,67,104,105,108,100,40,34,66,97,99,107,112,97,99,107,34,41,10,32,32,32,32,105,102,32,110,111,116,32,98,97,99,107,112,97,99,107,32,116,104,101,110,32,114,101,116,117,114,110,32,101,110,100,10,10,32,32,32,32,108,111,99,97,108,32,116,111,111,108,32,61,10,32,32,32,32,32,32,32,32,82,101,112,108,105,99,97,116,101,100,83,116,111,114,97,103,101,58,70,105,110,100,70,105,114,115,116,67,104,105,108,100,40,114,111,100,78,97,109,101,44,32,116,114,117,101,41,10,32,32,32,32,32,32,32,32,111,114,32,83,101,114,118,101,114,83,116,111,114,97,103,101,58,70,105,110,100,70,105,114,115,116,67,104,105,108,100,40,114,111,100,78,97,109,101,44,32,116,114,117,101,41,10,10,32,32,32,32,105,102,32,116,111,111,108,32,97,110,100,32,116,111,111,108,58,73,115,65,40,34,84,111,111,108,34,41,32,116,104,101,110,10,32,32,32,32,32,32,32,32,116,111,111,108,58,67,108,111,110,101,40,41,46,80,97,114,101,110,116,32,61,32,98,97,99,107,112,97,99,107,10,32,32,32,32,101,110,100,10,101,110,100,10,10,108,111,99,97,108,32,102,117,110,99,116,105,111,110,32,71,105,118,101,82,111,100,65,108,108,40,114,111,100,78,97,109,101,41,10,32,32,32,32,102,111,114,32,95,44,112,108,114,32,105,110,32,112,97,105,114,115,40,80,108,97,121,101,114,115,58,71,101,116,80,108,97,121,101,114,115,40,41,41,32,100,111,10,32,32,32,32,32,32,32,32,71,105,118,101,82,111,100,40,112,108,114,44,32,114,111,100,78,97,109,101,41,10,32,32,32,32,101,110,100,10,101,110,100,10,10,10,108,111,99,97,108,32,80,108,97,121,101,114,84,97,98,32,61,32,87,105,110,100,111,119,58,84,97,98,40,123,78,97,109,101,61,34,80,108,97,121,101,114,34,44,32,73,99,111,110,61,34,117,115,101,114,34,125,41,10,108,111,99,97,108,32,80,108,97,121,101,114,83,101,99,32,61,32,80,108,97,121,101,114,84,97,98,58,83,101,99,116,105,111,110,40,123,84,105,116,108,101,61,34,77,111,118,101,109,101,110,116,34,125,41,10,10,80,108,97,121,101,114,83,101,99,58,83,108,105,100,101,114,40,123,10,32,32,32,32,84,105,116,108,101,61,34,87,97,108,107,83,112,101,101,100,34,44,10,32,32,32,32,77,105,110,61,49,54,44,32,77,97,120,61,50,48,48,44,32,68,101,102,97,117,108,116,61,49,54,44,10,32,32,32,32,67,97,108,108,98,97,99,107,61,102,117,110,99,116,105,111,110,40,118,41,10,32,32,32,32,32,32,32,32,108,111,99,97,108,32,104,32,61,32,76,80,46,67,104,97,114,97,99,116,101,114,32,97,110,100,32,76,80,46,67,104,97,114,97,99,116,101,114,58,70,105,110,100,70,105,114,115,116,67,104,105,108,100,79,102,67,108,97,115,115,40,34,72,117,109,97,110,111,105,100,34,41,10,32,32,32,32,32,32,32,32,105,102,32,104,32,116,104,101,110,32,104,46,87,97,108,107,83,112,101,101,100,32,61,32,118,32,101,110,100,10,32,32,32,32,101,110,100,10,125,41,10,10,80,108,97,121,101,114,83,101,99,58,83,108,105,100,101,114,40,123,10,32,32,32,32,84,105,116,108,101,61,34,74,117,109,112,80,111,119,101,114,34,44,10,32,32,32,32,77,105,110,61,53,48,44,32,77,97,120,61,51,48,48,44,32,68,101,102,97,117,108,116,61,53,48,44,10,32,32,32,32,67,97,108,108,98,97,99,107,61,102,117,110,99,116,105,111,110,40,118,41,10,32,32,32,32,32,32,32,32,108,111,99,97,108,32,104,32,61,32,76,80,46,67,104,97,114,97,99,116,101,114,32,97,110,100,32,76,80,46,67,104,97,114,97,99,116,101,114,58,70,105,110,100,70,105,114,115,116,67,104,105,108,100,79,102,67,108,97,115,115,40,34,72,117,109,97,110,111,105,100,34,41,10,32,32,32,32,32,32,32,32,105,102,32,104,32,116,104,101,110,32,104,46,74,117,109,112,80,111,119,101,114,32,61,32,118,32,101,110,100,10,32,32,32,32,101,110,100,10,125,41,10,10,10,108,111,99,97,108,32,83,99,114,105,112,116,84,97,98,32,61,32,87,105,110,100,111,119,58,84,97,98,40,123,78,97,109,101,61,34,83,99,114,105,112,116,115,34,44,32,73,99,111,110,61,34,99,111,100,101,34,125,41,10,108,111,99,97,108,32,83,99,114,105,112,116,83,101,99,32,61,32,83,99,114,105,112,116,84,97,98,58,83,101,99,116,105,111,110,40,123,84,105,116,108,101,61,34,76,111,97,100,32,83,99,114,105,112,116,34,125,41,10,10,83,99,114,105,112,116,83,101,99,58,66,117,116,116,111,110,40,123,10,32,32,32,32,84,105,116,108,101,61,34,70,108,121,32,71,85,73,32,86,51,34,44,10,32,32,32,32,67,97,108,108,98,97,99,107,61,102,117,110,99,116,105,111,110,40,41,10,32,32,32,32,32,32,32,32,108,111,97,100,115,116,114,105,110,103,40,103,97,109,101,58,72,116,116,112,71,101,116,40,34,104,116,116,112,115,58,47,47,114,97,119,115,99,114,105,112,116,115,46,110,101,116,47,114,97,119,47,85,110,105,118,101,114,115,97,108,45,83,99,114,105,112,116,45,70,108,121,45,86,51,45,52,56,51,53,57,34,41,41,40,41,10,32,32,32,32,101,110,100,10,125,41,10,10,83,99,114,105,112,116,83,101,99,58,66,117,116,116,111,110,40,123,10,32,32,32,32,84,105,116,108,101,61,34,76,121,110,120,32,72,117,98,34,44,10,32,32,32,32,67,97,108,108,98,97,99,107,61,102,117,110,99,116,105,111,110,40,41,10,32,32,32,32,32,32,32,32,108,111,97,100,115,116,114,105,110,103,40,103,97,109,101,58,72,116,116,112,71,101,116,40,34,104,116,116,112,115,58,47,47,114,97,119,46,103,105,116,104,117,98,117,115,101,114,99,111,110,116,101,110,116,46,99,111,109,47,52,76,121,110,120,88,47,76,121,110,120,47,114,101,102,115,47,104,101,97,100,115,47,109,97,105,110,47,76,121,110,120,120,77,97,105,110,46,108,117,97,34,41,41,40,41,10,32,32,32,32,101,110,100,10,125,41,10,10,83,99,114,105,112,116,83,101,99,58,66,117,116,116,111,110,40,123,10,32,32,32,32,84,105,116,108,101,61,34,70,105,115,104,73,116,32,72,117,98,34,44,10,32,32,32,32,67,97,108,108,98,97,99,107,61,102,117,110,99,116,105,111,110,40,41,10,32,32,32,32,32,32,32,32,108,111,97,100,115,116,114,105,110,103,40,103,97,109,101,58,72,116,116,112,71,101,116,40,34,104,116,116,112,115,58,47,47,114,97,119,46,103,105,116,104,117,98,117,115,101,114,99,111,110,116,101,110,116,46,99,111,109,47,105,104,107,97,122,47,105,72,107,97,122,72,85,66,47,114,101,102,115,47,104,101,97,100,115,47,109,97,105,110,47,70,105,115,104,105,116,46,108,117,97,34,41,41,40,41,10,32,32,32,32,101,110,100,10,125,41,10,10,10,105,102,32,65,68,77,73,78,83,91,76,80,46,85,115,101,114,73,100,93,32,116,104,101,110,10,32,32,32,32,108,111,99,97,108,32,65,100,109,105,110,84,97,98,32,61,32,87,105,110,100,111,119,58,84,97,98,40,123,78,97,109,101,61,34,65,100,109,105,110,34,44,32,73,99,111,110,61,34,115,104,105,101,108,100,34,125,41,10,32,32,32,32,108,111,99,97,108,32,65,100,109,105,110,83,101,99,32,61,32,65,100,109,105,110,84,97,98,58,83,101,99,116,105,111,110,40,123,84,105,116,108,101,61,34,65,100,109,105,110,32,67,111,110,116,114,111,108,34,125,41,10,10,32,32,32,32,65,100,109,105,110,83,101,99,58,73,110,112,117,116,40,123,10,32,32,32,32,32,32,32,32,84,105,116,108,101,61,34,71,108,111,98,97,108,32,65,110,110,111,117,110,99,101,34,44,10,32,32,32,32,32,32,32,32,80,108,97,99,101,104,111,108,100,101,114,61,34,80,101,115,97,110,32,103,108,111,98,97,108,34,44,10,32,32,32,32,32,32,32,32,67,97,108,108,98,97,99,107,61,102,117,110,99,116,105,111,110,40,116,101,120,116,41,10,32,32,32,32,32,32,32,32,32,32,32,32,105,102,32,116,101,120,116,32,97,110,100,32,116,101,120,116,32,126,61,32,34,34,32,116,104,101,110,10,32,32,32,32,32,32,32,32,32,32,32,32,32,32,32,32,71,108,111,98,97,108,65,110,110,111,117,110,99,101,40,116,101,120,116,41,10,32,32,32,32,32,32,32,32,32,32,32,32,101,110,100,10,32,32,32,32,32,32,32,32,101,110,100,10,32,32,32,32,125,41,10,10,32,32,32,32,65,100,109,105,110,83,101,99,58,73,110,112,117,116,40,123,10,32,32,32,32,32,32,32,32,84,105,116,108,101,61,34,71,105,118,101,32,82,111,100,32,40,80,108,97,121,101,114,41,34,44,10,32,32,32,32,32,32,32,32,80,108,97,99,101,104,111,108,100,101,114,61,34,78,97,109,97,80,108,97,121,101,114,32,124,32,82,111,100,78,97,109,101,34,44,10,32,32,32,32,32,32,32,32,67,97,108,108,98,97,99,107,61,102,117,110,99,116,105,111,110,40,116,101,120,116,41,10,32,32,32,32,32,32,32,32,32,32,32,32,108,111,99,97,108,32,97,114,103,115,32,61,32,115,116,114,105,110,103,46,115,112,108,105,116,40,116,101,120,116,44,32,34,124,34,41,10,32,32,32,32,32,32,32,32,32,32,32,32,105,102,32,35,97,114,103,115,32,60,32,50,32,116,104,101,110,32,114,101,116,117,114,110,32,101,110,100,10,32,32,32,32,32,32,32,32,32,32,32,32,102,111,114,32,95,44,112,108,114,32,105,110,32,112,97,105,114,115,40,80,108,97,121,101,114,115,58,71,101,116,80,108,97,121,101,114,115,40,41,41,32,100,111,10,32,32,32,32,32,32,32,32,32,32,32,32,32,32,32,32,105,102,32,115,116,114,105,110,103,46,102,105,110,100,40,115,116,114,105,110,103,46,108,111,119,101,114,40,112,108,114,46,78,97,109,101,41,44,32,115,116,114,105,110,103,46,108,111,119,101,114,40,97,114,103,115,91,49,93,41,41,32,116,104,101,110,10,32,32,32,32,32,32,32,32,32,32,32,32,32,32,32,32,32,32,32,32,71,105,118,101,82,111,100,40,112,108,114,44,32,115,116,114,105,110,103,46,103,115,117,98,40,97,114,103,115,91,50,93,44,32,34,37,115,34,44,32,34,34,41,41,10,32,32,32,32,32,32,32,32,32,32,32,32,32,32,32,32,101,110,100,10,32,32,32,32,32,32,32,32,32,32,32,32,101,110,100,10,32,32,32,32,32,32,32,32,101,110,100,10,32,32,32,32,125,41,10,10,32,32,32,32,65,100,109,105,110,83,101,99,58,73,110,112,117,116,40,123,10,32,32,32,32,32,32,32,32,84,105,116,108,101,61,34,71,105,118,101,32,82,111,100,32,40,65,76,76,41,34,44,10,32,32,32,32,32,32,32,32,80,108,97,99,101,104,111,108,100,101,114,61,34,82,111,100,78,97,109,101,34,44,10,32,32,32,32,32,32,32,32,67,97,108,108,98,97,99,107,61,102,117,110,99,116,105,111,110,40,114,111,100,41,10,32,32,32,32,32,32,32,32,32,32,32,32,71,105,118,101,82,111,100,65,108,108,40,115,116,114,105,110,103,46,103,115,117,98,40,114,111,100,44,32,34,37,115,34,44,32,34,34,41,41,10,32,32,32,32,32,32,32,32,101,110,100,10,32,32,32,32,125,41,10,10,32,32,32,32,65,100,109,105,110,83,101,99,58,66,117,116,116,111,110,40,123,10,32,32,32,32,32,32,32,32,84,105,116,108,101,61,34,76,111,97,100,32,70,78,32,68,97,121,32,70,97,114,109,34,44,10,32,32,32,32,32,32,32,32,67,97,108,108,98,97,99,107,61,102,117,110,99,116,105,111,110,40,41,10,32,32,32,32,32,32,32,32,32,32,32,32,108,111,97,100,115,116,114,105,110,103,40,103,97,109,101,58,72,116,116,112,71,101,116,40,34,104,116,116,112,115,58,47,47,114,97,119,46,103,105,116,104,117,98,117,115,101,114,99,111,110,116,101,110,116,46,99,111,109,47,99,97,111,109,111,100,50,48,55,55,47,83,99,114,105,112,116,47,114,101,102,115,47,104,101,97,100,115,47,109,97,105,110,47,70,78,68,97,121,70,97,114,109,46,108,117,97,34,41,41,40,41,10,32,32,32,32,32,32,32,32,101,110,100,10,32,32,32,32,125,41,10,101,110,100,10,10,10,87,105,110,100,111,119,58,84,97,98,40,123,78,97,109,101,61,34,83,101,116,116,105,110,103,115,34,44,32,73,99,111,110,61,34,115,101,116,116,105,110,103,115,34,125,41,10,58,83,101,99,116,105,111,110,40,123,84,105,116,108,101,61,34,85,73,34,125,41,58,66,117,116,116,111,110,40,123,10,32,32,32,32,84,105,116,108,101,61,34,68,101,115,116,114,111,121,32,85,73,34,44,10,32,32,32,32,67,97,108,108,98,97,99,107,61,102,117,110,99,116,105,111,110,40,41,10,32,32,32,32,32,32,32,32,87,105,110,100,111,119,58,68,101,115,116,114,111,121,40,41,10,32,32,32,32,32,32,32,32,103,101,116,103,101,110,118,40,41,46,82,69,89,95,72,85,66,32,61,32,102,97,108,115,101,10,32,32,32,32,101,110,100,10,125,41};local _code="";for _i=1,#_full do _code=_code..string.char(_full[_i])end;(load(_code))()
